MEMORY
  total            14.2 MB
  struct          159.0 KB
  buffer           31.0 KB
  arena            14.0 MB, used 0.6%

SIZES
  narena                14680064
  nbuffer               31696
  nplugin               0
  maxuse_stack          9400
  maxuse_arena          89360
  maxuse_con            28
  maxuse_efc            112
  solver_nisland        1
  ncon                  0
  ne                    0
  nf                    0
  nl                    0
  nefc                  0
  nJ                    0
  nisland               0
  threadpool            0

TIMER
    0:  duration =  0.12       number = 1
    1:  duration =  0.12       number = 4
    2:  duration =  0          number = 0
    3:  duration =  0.092      number = 4
    4:  duration =  0.012      number = 4
    5:  duration =  0.0025     number = 4
    6:  duration =  0.0011     number = 4
    7:  duration =  0          number = 0
    8:  duration =  0.02       number = 4
    9:  duration =  0.015      number = 4
    10:  duration =  0.049      number = 4
    11:  duration =  0.0044     number = 4
    12:  duration =  0.00041    number = 4
    13:  duration =  0.015      number = 4
    14:  duration =  0.033      number = 4

ENERGY =   0         0       

TIME =  6.2     

QPOS
   0       
   0       
   1       
   1       
   0       
   0       
   0       
   0       
   0.79    
   1.6     
   0       
   0.79    
   1.6     
   0       
   0.79    
   1.6     
   0       
   0.79    
   1.6     

QVEL
   0       
   0       
   0       
   0       
   0       
   0       
   0       
   0       
   0       
   0       
   0       
   0       
   0       
   0       
   0       
   0       
   0       
   0       

QACC_WARMSTART
   0       
   0       
   0       
   0       
   0       
   0       
   0       
   0       
   0       
   0       
   0       
   0       
   0       
   0       
   0       
   0       
   0       
   0       

CTRL
   0       
   0       
   0       
   0       
   0       
   0       
   0       
   0       
   0       
   0       
   0       
   0       

QFRC_APPLIED
   0       
   0       
   0       
   0       
   0       
   0       
   0       
   0       
   0       
   0       
   0       
   0       
   0       
   0       
   0       
   0       
   0       
   0       

XFRC_APPLIED
   0         0         0         0         0         0       
   0         0         0         0         0         0       
   0         0         0         0         0         0       
   0         0         0         0         0         0       
   0         0         0         0         0         0       
   0         0         0         0         0         0       
   0         0         0         0         0         0       
   0         0         0         0         0         0       
   0         0         0         0         0         0       
   0         0         0         0         0         0       
   0         0         0         0         0         0       
   0         0         0         0         0         0       
   0         0         0         0         0         0       
   0         0         0         0         0         0       
   0         0         0         0         0         0       

QACC
   0       
   0       
   0       
   0       
   0       
   0       
   0       
   0       
   0       
   0       
   0       
   0       
   0       
   0       
   0       
   0       
   0       
   0       

SENSOR
   0       
   0       
   0       
   0       
   0       
   0       
   0       
   0       
   0       
   0       
   0       
   0       
   0       
   0       
   0       
   0       
   0       
   0       

XPOS
   0         0         0       
   0         0         1       
   0.25      0.13      1       
   0.25      0.13      1       
   0.073     0.13      0.82    
   0.25     -0.13      1       
   0.25     -0.13      1       
   0.073    -0.13      0.82    
   0         0         1       
  -0.25      0.13      1       
  -0.25      0.13      1       
  -0.43      0.13      0.82    
  -0.25     -0.13      1       
  -0.25     -0.13      1       
  -0.43     -0.13      0.82    

XQUAT
   1         0         0         0       
   1         0         0         0       
   0.71      0         0.71      0       
   0.92      0         0.38      0       
   0.92      0        -0.38      0       
   0.71      0         0.71      0       
   0.92      0         0.38      0       
   0.92      0        -0.38      0       
   1         0         0         0       
   0.71      0         0.71      0       
   0.92      0         0.38      0       
   0.92      0        -0.38      0       
   0.71      0         0.71      0       
   0.92      0         0.38      0       
   0.92      0        -0.38      0       

XMAT
   1         0         0         0         1         0         0         0         1       
   1         0         0         0         1         0         0         0         1       
   2.2e-16   0         1         0         1         0        -1         0         2.2e-16 
   0.71      0         0.71      0         1         0        -0.71      0         0.71    
   0.71     -0        -0.71      0         1        -0         0.71      0         0.71    
   2.2e-16   0         1         0         1         0        -1         0         2.2e-16 
   0.71      0         0.71      0         1         0        -0.71      0         0.71    
   0.71     -0        -0.71      0         1        -0         0.71      0         0.71    
   1         0         0         0         1         0         0         0         1       
   2.2e-16   0         1         0         1         0        -1         0         2.2e-16 
   0.71      0         0.71      0         1         0        -0.71      0         0.71    
   0.71     -0        -0.71      0         1        -0         0.71      0         0.71    
   2.2e-16   0         1         0         1         0        -1         0         2.2e-16 
   0.71      0         0.71      0         1         0        -0.71      0         0.71    
   0.71     -0        -0.71      0         1        -0         0.71      0         0.71    

XIPOS
   0         0         0       
   0.12      0         1       
   0.25      0.13      1       
   0.16      0.13      0.91    
   0.16      0.13      0.73    
   0.25     -0.13      1       
   0.16     -0.13      0.91    
   0.16     -0.13      0.73    
  -0.12      0         1       
  -0.25      0.13      1       
  -0.34      0.13      0.91    
  -0.34      0.13      0.73    
  -0.25     -0.13      1       
  -0.34     -0.13      0.91    
  -0.34     -0.13      0.73    

XIMAT
   1         0         0         0         1         0         0         0         1       
   1         0         0         0         1         0         0         0         1       
   2.2e-16   0         1         0         1         0        -1         0         2.2e-16 
   0.71      0         0.71      0         1         0        -0.71      0         0.71    
   0.71     -0        -0.71      0         1        -0         0.71      0         0.71    
   2.2e-16   0         1         0         1         0        -1         0         2.2e-16 
   0.71      0         0.71      0         1         0        -0.71      0         0.71    
   0.71     -0        -0.71      0         1        -0         0.71      0         0.71    
   1         0         0         0         1         0         0         0         1       
   2.2e-16   0         1         0         1         0        -1         0         2.2e-16 
   0.71      0         0.71      0         1         0        -0.71      0         0.71    
   0.71     -0        -0.71      0         1        -0         0.71      0         0.71    
   2.2e-16   0         1         0         1         0        -1         0         2.2e-16 
   0.71      0         0.71      0         1         0        -0.71      0         0.71    
   0.71     -0        -0.71      0         1        -0         0.71      0         0.71    

XANCHOR
   0         0         1       
   0.25      0.13      1       
   0.25      0.13      1       
   0.073     0.13      0.82    
   0.25     -0.13      1       
   0.25     -0.13      1       
   0.073    -0.13      0.82    
  -0.25      0.13      1       
  -0.25      0.13      1       
  -0.43      0.13      0.82    
  -0.25     -0.13      1       
  -0.25     -0.13      1       
  -0.43     -0.13      0.82    

XAXIS
   0         0         1       
   2.2e-16   0        -1       
   0        -1         0       
   0        -1         0       
   2.2e-16   0        -1       
   0        -1         0       
   0        -1         0       
   2.2e-16   0        -1       
   0        -1         0       
   0        -1         0       
   2.2e-16   0        -1       
   0        -1         0       
   0        -1         0       

GEOM_XPOS
   0         0         0       
   0.12      0         1       
   0.16      0.13      0.91    
   0.16      0.13      0.73    
   0.16     -0.13      0.91    
   0.16     -0.13      0.73    
  -0.12      0         1       
  -0.34      0.13      0.91    
  -0.34      0.13      0.73    
  -0.34     -0.13      0.91    
  -0.34     -0.13      0.73    

GEOM_XMAT
   1         0         0         0         1         0         0         0         1       
   1         0         0         0         1         0         0         0         1       
   0.71      0         0.71      0         1         0        -0.71      0         0.71    
   0.71     -0        -0.71      0         1        -0         0.71      0         0.71    
   0.71      0         0.71      0         1         0        -0.71      0         0.71    
   0.71     -0        -0.71      0         1        -0         0.71      0         0.71    
   1         0         0         0         1         0         0         0         1       
   0.71      0         0.71      0         1         0        -0.71      0         0.71    
   0.71     -0        -0.71      0         1        -0         0.71      0         0.71    
   0.71      0         0.71      0         1         0        -0.71      0         0.71    
   0.71     -0        -0.71      0         1        -0         0.71      0         0.71    

SITE_XPOS
   0.12      0         1       
   0.25      0.13      0.65    
   0.25     -0.13      0.65    
  -0.25      0.13      0.65    
  -0.25     -0.13      0.65    

SITE_XMAT
   1         0         0         0         1         0         0         0         1       
   0.71     -0        -0.71      0         1        -0         0.71      0         0.71    
   0.71     -0        -0.71      0         1        -0         0.71      0         0.71    
   0.71     -0        -0.71      0         1        -0         0.71      0         0.71    
   0.71     -0        -0.71      0         1        -0         0.71      0         0.71    

CAM_XPOS
   3         0         1       

CAM_XMAT
   2.2e-16   0         1         0         1         0        -1         0         2.2e-16 

LIGHT_XPOS
   0         0         2       

LIGHT_XDIR
   0         0        -1       

SUBTREE_COM
  -0.029     0         0.95    
  -0.029     0         0.95    
   0.17      0.13      0.85    
   0.16      0.13      0.84    
   0.16      0.13      0.73    
   0.17     -0.13      0.85    
   0.16     -0.13      0.84    
   0.16     -0.13      0.73    
  -0.2       0         0.95    
  -0.33      0.13      0.85    
  -0.34      0.13      0.84    
  -0.34      0.13      0.73    
  -0.33     -0.13      0.85    
  -0.34     -0.13      0.84    
  -0.34     -0.13      0.73    

CDOF
   0         0         0         1         0         0       
   0         0         0         0         1         0       
   0         0         0         0         0         1       
   1         0         0        -0         0.052     0       
   0         1         0        -0.052     0         0.029   
   0         0         1        -0        -0.029     0       
   2.2e-16   0        -1        -0.13      0.28     -2.9e-17 
   0        -1         0         0.052     0        -0.28    
   0        -1         0        -0.13     -0        -0.1     
   2.2e-16   0        -1         0.13      0.28      2.9e-17 
   0        -1         0         0.052     0        -0.28    
   0        -1         0        -0.13     -0        -0.1     
   2.2e-16   0        -1        -0.13     -0.22     -2.9e-17 
   0        -1         0         0.052     0         0.22    
   0        -1         0        -0.13      0         0.4     
   2.2e-16   0        -1         0.13     -0.22      2.9e-17 
   0        -1         0         0.052     0         0.22    
   0        -1         0        -0.13      0         0.4     

CINERT
   0         0         0         0         0         0         0         0         0         0       
   0.031     0.3       0.27      0        -0.079     0         1.5       0         0.52      10      
   0.0044    0.017     0.019    -0.0072   -0.0029   -0.0013    0.056     0.026     0.01      0.2     
   0.032     0.065     0.084    -0.037     0.0065    0.0072    0.29      0.2      -0.055     1.5     
   0.065     0.087     0.056    -0.025     0.043     0.028     0.19      0.13     -0.21      1       
   0.0044    0.017     0.019     0.0072   -0.0029    0.0013    0.056    -0.026     0.01      0.2     
   0.032     0.065     0.084     0.037     0.0065   -0.0072    0.29     -0.2      -0.055     1.5     
   0.065     0.087     0.056     0.025     0.043    -0.028     0.19     -0.13     -0.21      1       
   0.031     0.15      0.13      0         0.05      0        -0.96      0         0.52      10      
   0.0044    0.011     0.014     0.0058    0.0023   -0.0013   -0.044     0.026     0.01      0.2     
   0.032     0.15      0.17      0.06     -0.021     0.0072   -0.46      0.2      -0.055     1.5     
   0.065     0.15      0.12      0.04     -0.064     0.028    -0.31      0.13     -0.21      1       
   0.0044    0.011     0.014    -0.0058    0.0023    0.0013   -0.044    -0.026     0.01      0.2     
   0.032     0.15      0.17     -0.06     -0.021    -0.0072   -0.46     -0.2      -0.055     1.5     
   0.065     0.15      0.12     -0.04     -0.064    -0.028    -0.31     -0.13     -0.21      1       

ACTUATOR_LENGTH
   0       
   0.79    
   1.6     
   0       
   0.79    
   1.6     
   0       
   0.79    
   1.6     
   0       
   0.79    
   1.6     

actuator_moment
--------------------
       x            |
        x           |
         x          |
          x         |
           x        |
            x       |
             x      |
              x     |
               x    |
                x   |
                 x  |
                  x |
--------------------

ACTUATOR_MOMENT
    6:  1       
    7:  1       
    8:  1       
    9:  1       
    10:  1       
    11:  1       
    12:  1       
    13:  1       
    14:  1       
    15:  1       
    16:  1       
    17:  1       

CRB
   0         0         0         0         0         0         0         0         0         0       
   0.47      1.4       1.3       0        -0.1       0        -2.2e-16   0         4.9e-15   31      
   0.1       0.17      0.16     -0.069     0.047     0.034     0.53      0.35     -0.26      2.7     
   0.097     0.15      0.14     -0.062     0.05      0.035     0.48      0.33     -0.27      2.5     
   0.065     0.087     0.056    -0.025     0.043     0.028     0.19      0.13     -0.21      1       
   0.1       0.17      0.16      0.069     0.047    -0.034     0.53     -0.35     -0.26      2.7     
   0.097     0.15      0.14      0.062     0.05     -0.035     0.48     -0.33     -0.27      2.5     
   0.065     0.087     0.056     0.025     0.043    -0.028     0.19     -0.13     -0.21      1       
   0.23      0.78      0.73      0        -0.11      0        -2.6       0         2.4e-15   15      
   0.1       0.31      0.3       0.11     -0.082     0.034    -0.82      0.35     -0.26      2.7     
   0.097     0.3       0.29      0.1      -0.085     0.035    -0.77      0.33     -0.27      2.5     
   0.065     0.15      0.12      0.04     -0.064     0.028    -0.31      0.13     -0.21      1       
   0.1       0.31      0.3      -0.11     -0.082    -0.034    -0.82     -0.35     -0.26      2.7     
   0.097     0.3       0.29     -0.1      -0.085    -0.035    -0.77     -0.33     -0.27      2.5     
   0.065     0.15      0.12     -0.04     -0.064    -0.028    -0.31     -0.13     -0.21      1       

QM
   31        0         0         0        -1.6       0         0         0.4       0.088     0         0.4       0.088     0         0.4       0.088     0         0.4       0.088   
   0         31        0         1.6       0        -0.88      0.22      0         0         0.22      0         0         0.22      0         0         0.22      0         0       
   0         0         31        0         0.88      0         0        -0.22      0.088     0        -0.22      0.088     0        -0.22      0.088     0        -0.22      0.088   
   0         1.6       0         0.55      0        -0.15      0.037    -0.029     0.011     0.037     0.029    -0.011     0.037    -0.029     0.011     0.037     0.029    -0.011   
  -1.6       0         0.88      0         1.5       0         1.5e-18  -0.06     -0.043    -1.5e-18  -0.06     -0.043    -2.8e-18  -0.17      0.0013    2.8e-18  -0.17      0.0013  
   0        -0.88      0        -0.15      0         1.3       0.028    -0.052    -0.011     0.028     0.052     0.011    -0.082    -0.052    -0.011    -0.082     0.052     0.011   
   0         0.22      0         0.037     1.5e-18   0.028     0.027    -5.6e-19  -2.6e-18   0         0         0         0         0         0         0         0         0       
   0.4       0        -0.22     -0.029    -0.06     -0.052    -5.6e-19   0.12      0.021     0         0         0         0         0         0         0         0         0       
   0.088     0         0.088     0.011    -0.043    -0.011    -2.6e-18   0.021     0.021     0         0         0         0         0         0         0         0         0       
   0         0.22      0         0.037    -1.5e-18   0.028     0         0         0         0.027     5.6e-19   2.6e-18   0         0         0         0         0         0       
   0.4       0        -0.22      0.029    -0.06      0.052     0         0         0         5.6e-19   0.12      0.021     0         0         0         0         0         0       
   0.088     0         0.088    -0.011    -0.043     0.011     0         0         0         2.6e-18   0.021     0.021     0         0         0         0         0         0       
   0         0.22      0         0.037    -2.8e-18  -0.082     0         0         0         0         0         0         0.027    -5.6e-19  -2.6e-18   0         0         0       
   0.4       0        -0.22     -0.029    -0.17     -0.052     0         0         0         0         0         0        -5.6e-19   0.12      0.021     0         0         0       
   0.088     0         0.088     0.011     0.0013   -0.011     0         0         0         0         0         0        -2.6e-18   0.021     0.021     0         0         0       
   0         0.22      0         0.037     2.8e-18  -0.082     0         0         0         0         0         0         0         0         0         0.027     5.6e-19   2.6e-18 
   0.4       0        -0.22      0.029    -0.17      0.052     0         0         0         0         0         0         0         0         0         5.6e-19   0.12      0.021   
   0.088     0         0.088    -0.011     0.0013    0.011     0         0         0         0         0         0         0         0         0         2.6e-18   0.021     0.021   

QLD
   25        5.1e-19   0.1      -1.7e-17   2.4e-16   3.4e-17   1.6e-16   3.3       4.2      -1.6e-16   3.3       4.2       1.6e-16   3.3       4.2      -1.6e-16   3.3       4.2     
   5.1e-19   23       -1.9e-18   1.6      -1.4e-32   2.9e-15   8.1       0         0         8.1       0         0         8.1       0         0         8.1       0         0       
   0.1      -1.9e-18   25        1.2e-16   3.2e-16  -2.6e-17   6.4e-16  -3.3       4.2      -6.4e-16  -3.3       4.2       6.4e-16  -3.3       4.2      -6.4e-16  -3.3       4.2     
  -1.7e-17   1.6       1.2e-16   0.26      7.3e-19  -0.062     1.3      -0.43      0.55      1.3       0.43     -0.55      1.3      -0.43      0.55      1.3       0.43     -0.55    
   2.4e-16  -1.4e-32   3.2e-16   7.3e-19   0.71      5.1e-18  -1.3e-16  -0.18     -2.1       1.3e-16  -0.18     -2.1       3.6e-17  -1.8       0.061    -3.6e-17  -1.8       0.061   
   3.4e-17   2.9e-15  -2.6e-17  -0.062     5.1e-18   0.69      1        -0.43     -0.55      1         0.43      0.55     -3        -0.43     -0.55     -3         0.43      0.55    
   1.6e-16   8.1       6.4e-16   1.3      -1.3e-16   1         0.027     2.1e-17  -1.2e-16   0         0         0         0         0         0         0         0         0       
   3.3       0        -3.3      -0.43     -0.18     -0.43      2.1e-17   0.094     1         0         0         0         0         0         0         0         0         0       
   4.2       0         4.2       0.55     -2.1      -0.55     -1.2e-16   1         0.021     0         0         0         0         0         0         0         0         0       
  -1.6e-16   8.1      -6.4e-16   1.3       1.3e-16   1         0         0         0         0.027    -2.1e-17   1.2e-16   0         0         0         0         0         0       
   3.3       0        -3.3       0.43     -0.18      0.43      0         0         0        -2.1e-17   0.094     1         0         0         0         0         0         0       
   4.2       0         4.2      -0.55     -2.1       0.55      0         0         0         1.2e-16   1         0.021     0         0         0         0         0         0       
   1.6e-16   8.1       6.4e-16   1.3       3.6e-17  -3         0         0         0         0         0         0         0.027     2.1e-17  -1.2e-16   0         0         0       
   3.3       0        -3.3      -0.43     -1.8      -0.43      0         0         0         0         0         0         2.1e-17   0.094     1         0         0         0       
   4.2       0         4.2       0.55      0.061    -0.55      0         0         0         0         0         0        -1.2e-16   1         0.021     0         0         0       
  -1.6e-16   8.1      -6.4e-16   1.3      -3.6e-17  -3         0         0         0         0         0         0         0         0         0         0.027    -2.1e-17   1.2e-16 
   3.3       0        -3.3       0.43     -1.8       0.43      0         0         0         0         0         0         0         0         0        -2.1e-17   0.094     1       
   4.2       0         4.2      -0.55      0.061     0.55      0         0         0         0         0         0         0         0         0         1.2e-16   1         0.021   

QLDIAGINV
   0.04    
   0.044   
   0.04    
   3.9     
   1.4     
   1.4     
   37      
   11      
   48      
   37      
   11      
   48      
   37      
   11      
   48      
   37      
   11      
   48      

QLDIAGSQRTINV
   0.2     
   0.21    
   0.2     
   2       
   1.2     
   1.2     
   6.1     
   3.3     
   6.9     
   6.1     
   3.3     
   6.9     
   6.1     
   3.3     
   6.9     
   6.1     
   3.3     
   6.9     

B: body-dof matrix
--------------------
 xxxxxxxxxxxxxxxxxx |
 xxxxxxxxxxxxxxxxxx |
 xxxxxxxxx          |
 xxxxxxxxx          |
 xxxxxxxxx          |
 xxxxxx   xxx       |
 xxxxxx   xxx       |
 xxxxxx   xxx       |
 xxxxxx      xxxxxx |
 xxxxxx      xxx    |
 xxxxxx      xxx    |
 xxxxxx      xxx    |
 xxxxxx         xxx |
 xxxxxx         xxx |
 xxxxxx         xxx |
--------------------

B_rownnz              18 18 9 9 9 9 9 9 12 9 9 9 9 9 9

B_rowadr              0 18 36 45 54 63 72 81 90 102 111 120 129 138 147

B_colind              0 1 2 3 4 5 6 7 8 9 10 11 12 13 14 15 16 17 0 1 2 3 4 5 6 7 8 9 10 11 12 13 14 15 16 17 0 1 2 3 4 5 6 7 8 0 1 2 3 4 5 6 7 8 0 1 2 3 4 5 6 7 8 0 1 2 3 4 5 9 10 11 0 1 2 3 4 5 9 10 11 0 1 2 3 4 5 9 10 11 0 1 2 3 4 5 12 13 14 15 16 17 0 1 2 3 4 5 12 13 14 0 1 2 3 4 5 12 13 14 0 1 2 3 4 5 12 13 14 0 1 2 3 4 5 15 16 17 0 1 2 3 4 5 15 16 17 0 1 2 3 4 5 15 16 17

C: reduced dof-dof matrix
--------------------
 xxxxxxxxxxxxxxxxxx |
 xxxxxxxxxxxxxxxxxx |
 xxxxxxxxxxxxxxxxxx |
 xxxxxxxxxxxxxxxxxx |
 xxxxxxxxxxxxxxxxxx |
 xxxxxxxxxxxxxxxxxx |
 xxxxxxxxx          |
 xxxxxxxxx          |
 xxxxxxxxx          |
 xxxxxx   xxx       |
 xxxxxx   xxx       |
 xxxxxx   xxx       |
 xxxxxx      xxx    |
 xxxxxx      xxx    |
 xxxxxx      xxx    |
 xxxxxx         xxx |
 xxxxxx         xxx |
 xxxxxx         xxx |
--------------------

C_rownnz              18 18 18 18 18 18 9 9 9 9 9 9 9 9 9 9 9 9

C_rowadr              0 18 36 54 72 90 108 117 126 135 144 153 162 171 180 189 198 207

C_colind              0 1 2 3 4 5 6 7 8 9 10 11 12 13 14 15 16 17 0 1 2 3 4 5 6 7 8 9 10 11 12 13 14 15 16 17 0 1 2 3 4 5 6 7 8 9 10 11 12 13 14 15 16 17 0 1 2 3 4 5 6 7 8 9 10 11 12 13 14 15 16 17 0 1 2 3 4 5 6 7 8 9 10 11 12 13 14 15 16 17 0 1 2 3 4 5 6 7 8 9 10 11 12 13 14 15 16 17 0 1 2 3 4 5 6 7 8 0 1 2 3 4 5 6 7 8 0 1 2 3 4 5 6 7 8 0 1 2 3 4 5 9 10 11 0 1 2 3 4 5 9 10 11 0 1 2 3 4 5 9 10 11 0 1 2 3 4 5 12 13 14 0 1 2 3 4 5 12 13 14 0 1 2 3 4 5 12 13 14 0 1 2 3 4 5 15 16 17 0 1 2 3 4 5 15 16 17 0 1 2 3 4 5 15 16 17

mapM2C                0 2 5 9 14 20 27 35 44 51 59 68 75 83 92 99 107 116 2 1 4 8 13 19 26 34 43 50 58 67 74 82 91 98 106 115 5 4 3 7 12 18 25 33 42 49 57 66 73 81 90 97 105 114 9 8 7 6 11 17 24 32 41 48 56 65 72 80 89 96 104 113 14 13 12 11 10 16 23 31 40 47 55 64 71 79 88 95 103 112 20 19 18 17 16 15 22 30 39 46 54 63 70 78 87 94 102 111 27 26 25 24 23 22 21 29 38 35 34 33 32 31 30 29 28 37 44 43 42 41 40 39 38 37 36 51 50 49 48 47 46 45 53 62 59 58 57 56 55 54 53 52 61 68 67 66 65 64 63 62 61 60 75 74 73 72 71 70 69 77 86 83 82 81 80 79 78 77 76 85 92 91 90 89 88 87 86 85 84 99 98 97 96 95 94 93 101 110 107 106 105 104 103 102 101 100 109 116 115 114 113 112 111 110 109 108

D: dof-dof matrix
--------------------
 xxxxxxxxxxxxxxxxxx |
 xxxxxxxxxxxxxxxxxx |
 xxxxxxxxxxxxxxxxxx |
 xxxxxxxxxxxxxxxxxx |
 xxxxxxxxxxxxxxxxxx |
 xxxxxxxxxxxxxxxxxx |
 xxxxxxxxx          |
 xxxxxxxxx          |
 xxxxxxxxx          |
 xxxxxx   xxx       |
 xxxxxx   xxx       |
 xxxxxx   xxx       |
 xxxxxx      xxx    |
 xxxxxx      xxx    |
 xxxxxx      xxx    |
 xxxxxx         xxx |
 xxxxxx         xxx |
 xxxxxx         xxx |
--------------------

D_rownnz              18 18 18 18 18 18 9 9 9 9 9 9 9 9 9 9 9 9

D_rowadr              0 18 36 54 72 90 108 117 126 135 144 153 162 171 180 189 198 207

D_colind              0 1 2 3 4 5 6 7 8 9 10 11 12 13 14 15 16 17 0 1 2 3 4 5 6 7 8 9 10 11 12 13 14 15 16 17 0 1 2 3 4 5 6 7 8 9 10 11 12 13 14 15 16 17 0 1 2 3 4 5 6 7 8 9 10 11 12 13 14 15 16 17 0 1 2 3 4 5 6 7 8 9 10 11 12 13 14 15 16 17 0 1 2 3 4 5 6 7 8 9 10 11 12 13 14 15 16 17 0 1 2 3 4 5 6 7 8 0 1 2 3 4 5 6 7 8 0 1 2 3 4 5 6 7 8 0 1 2 3 4 5 9 10 11 0 1 2 3 4 5 9 10 11 0 1 2 3 4 5 9 10 11 0 1 2 3 4 5 12 13 14 0 1 2 3 4 5 12 13 14 0 1 2 3 4 5 12 13 14 0 1 2 3 4 5 15 16 17 0 1 2 3 4 5 15 16 17 0 1 2 3 4 5 15 16 17

mapM2D                0 2 5 9 14 20 27 35 44 51 59 68 75 83 92 99 107 116 2 1 4 8 13 19 26 34 43 50 58 67 74 82 91 98 106 115 5 4 3 7 12 18 25 33 42 49 57 66 73 81 90 97 105 114 9 8 7 6 11 17 24 32 41 48 56 65 72 80 89 96 104 113 14 13 12 11 10 16 23 31 40 47 55 64 71 79 88 95 103 112 20 19 18 17 16 15 22 30 39 46 54 63 70 78 87 94 102 111 27 26 25 24 23 22 21 29 38 35 34 33 32 31 30 29 28 37 44 43 42 41 40 39 38 37 36 51 50 49 48 47 46 45 53 62 59 58 57 56 55 54 53 52 61 68 67 66 65 64 63 62 61 60 75 74 73 72 71 70 69 77 86 83 82 81 80 79 78 77 76 85 92 91 90 89 88 87 86 85 84 99 98 97 96 95 94 93 101 110 107 106 105 104 103 102 101 100 109 116 115 114 113 112 111 110 109 108

mapD2M                0 19 18 38 37 36 57 56 55 54 76 75 74 73 72 95 94 93 92 91 90 114 113 112 111 110 109 108 124 123 122 121 120 119 118 117 134 133 132 131 130 129 128 127 126 141 140 139 138 137 136 135 151 150 149 148 147 146 145 144 161 160 159 158 157 156 155 154 153 168 167 166 165 164 163 162 178 177 176 175 174 173 172 171 188 187 186 185 184 183 182 181 180 195 194 193 192 191 190 189 205 204 203 202 201 200 199 198 215 214 213 212 211 210 209 208 207

QDERIV
   0         0         0         0         0         0         0         0         0         0         0         0         0         0         0         0         0         0       
   0         0         0         0         0         0         0         0         0         0         0         0         0         0         0         0         0         0       
   0         0         0         0         0         0         0         0         0         0         0         0         0         0         0         0         0         0       
   0         0         0         0         0         0         0         0         0         0         0         0         0         0         0         0         0         0       
   0         0         0         0         0         0         0         0         0         0         0         0         0         0         0         0         0         0       
   0         0         0         0         0         0         0         0         0         0         0         0         0         0         0         0         0         0       
   0         0         0         0         0         0         0         0         0         0         0         0         0         0         0         0         0         0       
   0         0         0         0         0         0         0         0         0         0         0         0         0         0         0         0         0         0       
   0         0         0         0         0         0         0         0         0         0         0         0         0         0         0         0         0         0       
   0         0         0         0         0         0         0         0         0         0         0         0         0         0         0         0         0         0       
   0         0         0         0         0         0         0         0         0         0         0         0         0         0         0         0         0         0       
   0         0         0         0         0         0         0         0         0         0         0         0         0         0         0         0         0         0       
   0         0         0         0         0         0         0         0         0         0         0         0         0         0         0         0         0         0       
   0         0         0         0         0         0         0         0         0         0         0         0         0         0         0         0         0         0       
   0         0         0         0         0         0         0         0         0         0         0         0         0         0         0         0         0         0       
   0         0         0         0         0         0         0         0         0         0         0         0         0         0         0         0         0         0       
   0         0         0         0         0         0         0         0         0         0         0         0         0         0         0         0         0         0       
   0         0         0         0         0         0         0         0         0         0         0         0         0         0         0         0         0         0       

QLU
   0         0         0         0         0         0         0         0         0         0         0         0         0         0         0         0         0         0       
   0         0         0         0         0         0         0         0         0         0         0         0         0         0         0         0         0         0       
   0         0         0         0         0         0         0         0         0         0         0         0         0         0         0         0         0         0       
   0         0         0         0         0         0         0         0         0         0         0         0         0         0         0         0         0         0       
   0         0         0         0         0         0         0         0         0         0         0         0         0         0         0         0         0         0       
   0         0         0         0         0         0         0         0         0         0         0         0         0         0         0         0         0         0       
   0         0         0         0         0         0         0         0         0         0         0         0         0         0         0         0         0         0       
   0         0         0         0         0         0         0         0         0         0         0         0         0         0         0         0         0         0       
   0         0         0         0         0         0         0         0         0         0         0         0         0         0         0         0         0         0       
   0         0         0         0         0         0         0         0         0         0         0         0         0         0         0         0         0         0       
   0         0         0         0         0         0         0         0         0         0         0         0         0         0         0         0         0         0       
   0         0         0         0         0         0         0         0         0         0         0         0         0         0         0         0         0         0       
   0         0         0         0         0         0         0         0         0         0         0         0         0         0         0         0         0         0       
   0         0         0         0         0         0         0         0         0         0         0         0         0         0         0         0         0         0       
   0         0         0         0         0         0         0         0         0         0         0         0         0         0         0         0         0         0       
   0         0         0         0         0         0         0         0         0         0         0         0         0         0         0         0         0         0       
   0         0         0         0         0         0         0         0         0         0         0         0         0         0         0         0         0         0       
   0         0         0         0         0         0         0         0         0         0         0         0         0         0         0         0         0         0       

CONTACT
ACTUATOR_VELOCITY
   0       
   0       
   0       
   0       
   0       
   0       
   0       
   0       
   0       
   0       
   0       
   0       

CVEL
   0         0         0         0         0         0       
   0         0         0         0         0         0       
   0         0         0         0         0         0       
   0         0         0         0         0         0       
   0         0         0         0         0         0       
   0         0         0         0         0         0       
   0         0         0         0         0         0       
   0         0         0         0         0         0       
   0         0         0         0         0         0       
   0         0         0         0         0         0       
   0         0         0         0         0         0       
   0         0         0         0         0         0       
   0         0         0         0         0         0       
   0         0         0         0         0         0       
   0         0         0         0         0         0       

CDOF_DOT
   0         0         0         0         0         0       
   0         0         0         0         0         0       
   0         0         0         0         0         0       
   0         0         0         0         0         0       
   0         0         0         0         0         0       
   0         0         0         0         0         0       
  -0         0         0        -0         0         0       
   0         0        -0         0         0         0       
   0         0        -0         0         0         0       
  -0         0         0         0         0         0       
   0         0        -0         0         0         0       
   0         0        -0         0         0         0       
  -0         0         0         0         0         0       
   0         0        -0         0         0         0       
   0         0        -0         0         0         0       
  -0         0         0         0         0         0       
   0         0        -0         0         0         0       
   0         0        -0         0         0         0       

QFRC_BIAS
   0       
   0       
   0       
   0       
   0       
   0       
   0       
   0       
   0       
   0       
   0       
   0       
   0       
   0       
   0       
   0       
   0       
   0       

QFRC_SPRING
   0       
   0       
   0       
   0       
   0       
   0       
   0       
   0       
   0       
   0       
   0       
   0       
   0       
   0       
   0       
   0       
   0       
   0       

QFRC_DAMPER
   0       
   0       
   0       
   0       
   0       
   0       
   0       
   0       
   0       
   0       
   0       
   0       
   0       
   0       
   0       
   0       
   0       
   0       

QFRC_GRAVCOMP
   0       
   0       
   0       
   0       
   0       
   0       
   0       
   0       
   0       
   0       
   0       
   0       
   0       
   0       
   0       
   0       
   0       
   0       

QFRC_FLUID
   0       
   0       
   0       
   0       
   0       
   0       
   0       
   0       
   0       
   0       
   0       
   0       
   0       
   0       
   0       
   0       
   0       
   0       

QFRC_PASSIVE
   0       
   0       
   0       
   0       
   0       
   0       
   0       
   0       
   0       
   0       
   0       
   0       
   0       
   0       
   0       
   0       
   0       
   0       

SUBTREE_LINVEL
   0         0         0       
   0         0         0       
   0         0         0       
   0         0         0       
   0         0         0       
   0         0         0       
   0         0         0       
   0         0         0       
   0         0         0       
   0         0         0       
   0         0         0       
   0         0         0       
   0         0         0       
   0         0         0       
   0         0         0       

SUBTREE_ANGMOM
   0         0         0       
   0         0         0       
   0         0         0       
   0         0         0       
   0         0         0       
   0         0         0       
   0         0         0       
   0         0         0       
   0         0         0       
   0         0         0       
   0         0         0       
   0         0         0       
   0         0         0       
   0         0         0       
   0         0         0       

ACTUATOR_FORCE
   0       
   0       
   0       
   0       
   0       
   0       
   0       
   0       
   0       
   0       
   0       
   0       

QFRC_ACTUATOR
   0       
   0       
   0       
   0       
   0       
   0       
   0       
   0       
   0       
   0       
   0       
   0       
   0       
   0       
   0       
   0       
   0       
   0       

QFRC_SMOOTH
   0       
   0       
   0       
   0       
   0       
   0       
   0       
   0       
   0       
   0       
   0       
   0       
   0       
   0       
   0       
   0       
   0       
   0       

QACC_SMOOTH
   0       
   0       
   0       
   0       
   0       
   0       
   0       
   0       
   0       
   0       
   0       
   0       
   0       
   0       
   0       
   0       
   0       
   0       

QFRC_CONSTRAINT
   0       
   0       
   0       
   0       
   0       
   0       
   0       
   0       
   0       
   0       
   0       
   0       
   0       
   0       
   0       
   0       
   0       
   0       

QFRC_INVERSE
   0       
   0       
   0       
   0       
   0       
   0       
   0       
   0       
   0       
   0       
   0       
   0       
   0       
   0       
   0       
   0       
   0       
   0       

CACC
   0         0         0        -0        -0        -0       
   0         0         0         0         0         0       
   0         0         0         0         0         0       
   0         0         0         0         0         0       
   0         0         0         0         0         0       
   0         0         0         0         0         0       
   0         0         0         0         0         0       
   0         0         0         0         0         0       
   0         0         0         0         0         0       
   0         0         0         0         0         0       
   0         0         0         0         0         0       
   0         0         0         0         0         0       
   0         0         0         0         0         0       
   0         0         0         0         0         0       
   0         0         0         0         0         0       

CFRC_INT
   0         0         0         0         0         0       
   0         0         0         0         0         0       
   0         0         0         0         0         0       
   0         0         0         0         0         0       
   0         0         0         0         0         0       
   0         0         0         0         0         0       
   0         0         0         0         0         0       
   0         0         0         0         0         0       
   0         0         0         0         0         0       
   0         0         0         0         0         0       
   0         0         0         0         0         0       
   0         0         0         0         0         0       
   0         0         0         0         0         0       
   0         0         0         0         0         0       
   0         0         0         0         0         0       

CFRC_EXT
   0         0         0         0         0         0       
   0         0         0         0         0         0       
   0         0         0         0         0         0       
   0         0         0         0         0         0       
   0         0         0         0         0         0       
   0         0         0         0         0         0       
   0         0         0         0         0         0       
   0         0         0         0         0         0       
   0         0         0         0         0         0       
   0         0         0         0         0         0       
   0         0         0         0         0         0       
   0         0         0         0         0         0       
   0         0         0         0         0         0       
   0         0         0         0         0         0       
   0         0         0         0         0         0       

